# Created by Octave 6.2.0, Sat Jan 22 23:35:56 2022 EST <tensorflow@tensorflow3>
# name: A
# type: matrix
# rows: 3
# columns: 2
 1 2
 3 4
 5 6


